10446
10706
10605
10767
10743
10675
10683
10628
10704
10701
10734
10722
10641
10674
10708
10299
10298
10239
10473
10533
10402
10429
10267
10434
10454
10534
10359
10399
10405
10417
10407
10430
10474
10689
10495
10427
10449
10421
10502
10436
10438
10659
10665
10621
10601
10573
10322
10325
10748
10307
10383
10483
10328
10249
10128
10098
10295
10276
10252
10283
10264
10273
10302
10370
10287
10271
10244
10335
10240
10312
10345
10242
10318
10250
10284
10572
10116
10206
10099
10347
10052
10079
10141
10115
10289
10493
10136
10162
10362
10306
10157
10172
10150
10175
10095
10139
10130
10196
10485
10452
10442
10489
10519
10437
10431
10459
10651
10414
10453
10535
10426
10409
10406
10586
10412
10447
10460
10413
10577
10507
10738
10514
10391
10478
10520
10488
10415
10464
10490
10425
10013
10466
10475
10593
10379
10410
10212
10193
10575
10753
10691
10741
10746
10616
10660
10763
10673
10653
10619
10624
10688
10696
10690
10751
10640
10728
10744
10664
10698
10020
10705
10666
10655
10648
10650
10694
10622
10038
10500
10477
10509
10582
10393
10571
10395
10074
10411
10404
10398
10422
10497
10499
10496
10578
10530
10428
10498
10470
10031
10680
10596
10468
10532
10423
10467
10613
10424
10087
10231
10059
10166
10181
10092
10078
10367
10168
10140
10108
10192
10191
10129
10199
10179
10254
10122
10156
10065
10279
10056
10127
10197
10186
10085
10159
10214
10083
10064
10208
10160
10061
10142
10143
10072
10171
10215
10113
10089
10111
10210
10184
10221
10261
10678
10754
10606
10714
10580
10652
10717
10736
10603
10010
10610
10765
10450
10713
10684
10639
10647
10739
10670
10762
10692
10733
10697
10667
10711
10649
10631
10703
10636
10718
10731
10716
10608
10677
10695
10745
10747
10614
10737
10750
10710
10609
10037
10009
10725
10625
10598
10155
10062
10081
10203
10167
10204
10375
10063
10378
10303
10101
10123
10220
10340
10323
10352
10465
10105
10693
10752
10380
10687
10269
10281
10313
10230
10243
10592
10401
10471
10403
10480
10585
10277
10408
10492
10457
10397
10749
10305
10394
10025
10033
10461
10732
10481
10364
10336
10248
10256
10068
10282
10268
10219
10320
10200
10285
10342
10324
10223
10131
10286
10522
10138
10209
10443
10158
10120
10082
10077
10135
10538
10245
10233
10343
10146
10278
10304
10311
10263
10265
10384
10310
10314
10537
10382
10110
10216
10153
10368
10217
10149
10069
10251
10357
10366
10161
10133
10180
10183
10144
10190
10588
10682
10629
10679
10758
10735
10644
10626
10686
10627
10721
10700
10661
10757
10654
10668
10672
10764
10021
10685
10600
10027
10766
10028
10643
10023
10036
10702
10607
10579
10669
10615
10768
10623
10030
10646
10617
10755
10618
10611
10663
10034
10599
10656
10634
10740
10642
10633
10712
10011
10726
10026
10224
10365
10164
10075
10213
10109
10253
10066
10058
10189
10635
10469
10388
10724
10630
10060
10632
10272
10226
10222
10386
10259
10576
10487
10508
10526
10486
10112
10174
10602
10709
10445
10392
10032
10479
10456
10476
10317
10334
10723
10681
10707
10029
10662
10730
10350
10241
10274
10727
10225
10348
10246
10494
10385
10583
10300
10371
10296
10620
10527
10234
10330
10291
10354
10355
10356
10293
10329
10275
10229
10327
10349
10517
10258
10719
10341
10455
10569
10458
10584
10505
10441
10435
10396
10433
10024
10463
10418
10506
10016
10525
10419
10589
10017
10472
10400
10518
10451
10742
10587
10510
10022
10581
10012
10524